.Random.seed <-
c(403L, 10L, 963725018L, -1259661275L, -384002753L, -548619578L, 
81532752L, 1500604275L, 1703782801L, -1995072576L, 1353354654L, 
330391401L, -1615848549L, 1290289834L, 548302028L, 967341455L, 
-1900293691L, -431434372L, 1246985682L, 1787791693L, 223435783L, 
1036131310L, -1222901048L, 1366031819L, 782710825L, 16064120L, 
1333246886L, 388165057L, -1654068653L, -993648382L, 936192052L, 
578711991L, 1875137965L, 1866911428L, 260137706L, -43903659L, 
1165855471L, -1558234890L, -1878796256L, 1604880867L, 930552449L, 
342635760L, -342824050L, -1181260551L, -2024165749L, 676019898L, 
2046472636L, 1618772735L, 754284117L, 1204130156L, -1731685950L, 
-600880611L, -1579470185L, -1638179842L, 1942771640L, -1928615013L, 
105492985L, 396697928L, 1499610230L, 761039281L, -182544413L, 
436217010L, -1582421756L, -624389561L, 1912198429L, 2110043028L, 
-1429354694L, -144004219L, -1799413665L, 139404006L, 1769630064L, 
38654611L, 84781873L, 1957083616L, -603529602L, -1860827895L, 
-1601915077L, -580333814L, 585363180L, 813284207L, 1200532645L, 
-846901668L, 1068615218L, 87250221L, -268491801L, 1257571086L, 
-1435458328L, 308240107L, 266268553L, 1985866520L, -28385722L, 
-1235210591L, -995593933L, -1670233950L, -949055596L, -1011057129L, 
102943245L, 995098404L, 385821450L, 1942742645L, -1043417649L, 
-1428103466L, -1828453760L, 1258319043L, 1282247265L, -24280368L, 
-668937170L, -1897039399L, -414923285L, -577040294L, 281592348L, 
-269290721L, 475105141L, -1012085236L, 887977954L, 637000893L, 
592386871L, 264831966L, 706117912L, -449174405L, 1332967961L, 
970836648L, -1197907882L, 1106279633L, 755034243L, 1929042706L, 
-1140195676L, -8910233L, 259294141L, 2047130932L, 764278426L, 
1926276325L, -774203777L, 1785782278L, -1749466224L, 422096435L, 
-2031313455L, 741392256L, 272806494L, 1168181673L, -1786288037L, 
-429076374L, -1268350708L, -16983217L, 1297442821L, 383637180L, 
-1569468526L, -172532595L, -1280316729L, -456479826L, 2083980808L, 
-1645520373L, -1818387735L, -53951048L, -1903140250L, -449802495L, 
-1190270573L, 258802242L, 1736672756L, 801284087L, 1591321581L, 
-184251260L, 1510519466L, 385091605L, 1601351855L, 1072504502L, 
76319968L, 3633187L, -1780854975L, 1799467568L, -1116647346L, 
34410681L, 524018891L, -1793349254L, 697644156L, 1244414143L, 
-1649252971L, 156669356L, 1007775618L, -913795747L, 1511107671L, 
1448741694L, 1378308984L, -800407461L, -189921351L, -31779320L, 
-1420319562L, 1310540785L, 1317408291L, 532000370L, -1804364604L, 
-138091897L, -1080911267L, -1244062636L, -1276184966L, -587594299L, 
-362993889L, -1572584794L, -914594768L, 1726338771L, 1616934129L, 
28299296L, -1119484226L, -1629580599L, 1973184635L, 350651978L, 
-1296710996L, -245049937L, 1433941349L, 7734044L, -1725618318L, 
1507982317L, -1388295129L, 701232206L, 825940136L, 1612035755L, 
-1731353655L, 1394884568L, -401353082L, 2073464673L, -1931721997L, 
-795755166L, -949036076L, 1423220439L, -1499323187L, 713532516L, 
1491544650L, 389722037L, -1597910257L, 1645511036L, 246015252L, 
-1082617534L, 1082850048L, 601017276L, -1519176880L, 2044401954L, 
420134216L, 7854092L, -560070564L, -995844910L, -1804011520L, 
689158996L, -1473209880L, -1011625990L, 134745808L, 1471485228L, 
-1101807372L, 1355626386L, -1215882144L, -1447006964L, -543867168L, 
1184234850L, -804625752L, 330107468L, -1506211972L, -267384014L, 
1934751344L, 1650097476L, -1249846312L, 987398266L, -1507174864L, 
300450492L, 1072277332L, 881889858L, 1742537632L, -2957124L, 
-1515816496L, 1766679906L, -530748440L, -1278652468L, 1375614716L, 
-509874190L, -1726407552L, 1159231732L, -1234180984L, 1965851962L, 
-425807024L, -1265812372L, 778834068L, -790841006L, 935003872L, 
1603723468L, 1131073696L, 750702978L, -690745112L, 1597870316L, 
-693161924L, -1093881742L, -1982490512L, -653026780L, 1189163576L, 
671818266L, -236050224L, -1092446660L, 207959188L, -1740479358L, 
-647245888L, 54265148L, -1049233776L, 6245410L, -845412344L, 
-1890282356L, 968423452L, -512842606L, 997862528L, 323386388L, 
-1804319960L, 1829620794L, 53906640L, 1200458860L, -1101547852L, 
-1950293998L, -737808416L, -1330547764L, -685902368L, 1229487138L, 
-1863600856L, -759684852L, 593735228L, -503057166L, 2006915312L, 
-1877383356L, 1343434840L, 1227258426L, -777148176L, 823997116L, 
-1345224172L, -1737605950L, 108529248L, -1319209604L, -1064485680L, 
1309043746L, 1994324136L, -2108449396L, 89455036L, -1890371534L, 
341896000L, 700118708L, 1999827272L, 218227386L, 49837840L, 52119788L, 
-1400022956L, 253628178L, -1176915552L, 451629004L, 295827296L, 
1370432706L, -420385240L, -1395275348L, -1761148100L, 831525746L, 
-752380112L, -1573386204L, 141975096L, 1456767706L, -2053744752L, 
1998834940L, -1690704492L, -566725822L, -789906944L, -1908402116L, 
-1843250608L, -356654942L, -349486264L, 1277825548L, -325635364L, 
-1889572782L, 140844160L, -1345179820L, 1830191080L, 1272474362L, 
-456900784L, -1779678164L, 1546019188L, -1209493870L, 924973664L, 
399349900L, 1419921760L, -301377310L, 1170506920L, -1734553908L, 
95214076L, -1425841230L, -1431503888L, 1221876164L, -1921782440L, 
1539918202L, 2030090672L, 431423932L, -531874220L, 1923279298L, 
-1154839776L, 226728892L, -2053201840L, -1441405982L, -1543665816L, 
-1599135924L, -552599812L, 2123235058L, 1416887552L, 1011627124L, 
-1863737848L, -180920902L, -1092008496L, 1702191084L, 211712916L, 
926896338L, -1029354400L, 1820529996L, 1309846304L, -1507476862L, 
1219371496L, -1967873044L, -1500281284L, 1060519538L, -1436101776L, 
-148501212L, 1357957688L, -1120800358L, 969721296L, -475236932L, 
1816667796L, -1658207614L, 112010688L, -721694916L, -1951206768L, 
1070728994L, -1120135672L, -993635572L, 570854300L, 1067590674L, 
-406604928L, -369169644L, 1047176488L, 1862086714L, -1454074928L, 
-866842004L, -891950028L, -2091657070L, -936181408L, 551296332L, 
-358609440L, -348064862L, -813343832L, -1788318580L, -603044932L, 
-1596085134L, 212895728L, -805702588L, -1277736872L, -821977030L, 
-651816848L, 461735484L, -1425144044L, -702719294L, -797248630L, 
904328104L, 1061740817L, 1414473731L, -67216636L, -91650254L, 
-341916281L, 1056320465L, -151243434L, -873911500L, 1957045829L, 
-39808369L, -1705075704L, -773908442L, 1250629843L, 470370869L, 
-1797953134L, -1157767840L, -1119374135L, -337483781L, 283969484L, 
-1692927398L, -1695303857L, -1484413415L, -2056534994L, -2051958212L, 
1757058989L, 1141686359L, -52849248L, -1009977602L, -1516034613L, 
-1707535411L, -753281286L, 62455096L, -458176799L, 1778960787L, 
527487412L, -228650302L, -126258473L, -1272868063L, 331322086L, 
1916220388L, 448795413L, -1697481921L, -638251304L, -580793610L, 
-1928227581L, -728056251L, 1668810338L, 92954064L, 793271033L, 
1499150379L, -1391212644L, 734984138L, -43282241L, -2043567607L, 
-489452770L, -1204104500L, 716761757L, -959846617L, 196823376L, 
516569070L, -1097459557L, -322227459L, 886905322L, 2082423432L, 
23516209L, -960129373L, -927060316L, -1084387502L, -1760713049L, 
-1562936591L, 828805686L, 571756244L, 1563988581L, 80990319L, 
-1817681240L, -1232310266L, -91411149L, 1645306261L, -540033550L, 
-1406344640L, 2010069929L, -422808037L, 1803866092L, -1500112902L, 
-103175121L, -1436283847L, 557751886L, 961064604L, 521987085L, 
229800055L, 1305866368L, 2117600990L, -1328824917L, -407654739L, 
-894479590L, -1301812264L, 962107457L, 1130596083L, 360098068L, 
-2051089246L, -1167304265L, 724237697L, 1049566086L, 1306180036L, 
100413685L, 1839251807L, -1684665416L, 1189838486L, -1821562717L, 
41980517L, -1275570302L, -707498768L, -22428519L, -332120949L, 
-1351367300L, 759432106L, -285551649L, -1679246999L, 1631442302L, 
-608897684L, -1384714819L, -1258533241L, 1440881264L, 453959950L, 
-1220481477L, -1399038691L, -1005852726L, -456601368L, 1852564433L, 
-838613565L, 1334795972L, -1478122126L, 547649607L, -416682991L, 
-1522250346L, -951152396L, 1526545029L, 1010627535L, 446708424L, 
281557862L, -875118189L, -775501067L, 1134158546L, 189631776L, 
102802697L, 456778299L, -299485300L, 721163802L, 1826901647L, 
